image_width: 1080
image_height: 720
camera_name: camera3
camera_matrix:
  rows: 3
  cols: 3
  data: [1373.150993213448, 0, 726.5698035874877, 0, 1373.781285359165, 186.2507843917203, 0, 0, 1]
distortion_model: plumb_bob
distortion_coefficients:
  rows: 1
  cols: 5
  data: [-0.1204839015678919, 0.1558472824508278, 0.0003293132903358015, -0.002052065815716909, 0]
rectification_matrix:
  rows: 3
  cols: 3
  data: [1, 0, 0, 0, 1, 0, 0, 0, 1]
projection_matrix:
  rows: 3
  cols: 4
  data: [1350.704956054688, 0, 728.1817758112084, 0, 0, 1356.246215820312, 184.3004896741641, 0, 0, 0, 1, 0]