image_width: 1080
image_height: 720
camera_name: camera2
camera_matrix:
  rows: 3
  cols: 3
  data: [1370.089554309111, 0, 731.9464425365959, 0, 1370.36262560706, 172.7383020870039, 0, 0, 1]
distortion_model: plumb_bob
distortion_coefficients:
  rows: 1
  cols: 5
  data: [-0.1153980029431592, 0.1323194521297344, 0.000228157530251994, 0.0001993258395477048, 0]
rectification_matrix:
  rows: 3
  cols: 3
  data: [1, 0, 0, 0, 1, 0, 0, 0, 1]
projection_matrix:
  rows: 3
  cols: 4
  data: [1344.391479492188, 0, 735.1257047771287, 0, 0, 1351.845336914062, 170.7638399164225, 0, 0, 0, 1, 0]