image_width: 1080
image_height: 720
camera_name: camera1
camera_matrix:
  rows: 3
  cols: 3
  data: [1389.90532921928, 0, 540.4393692490391, 0, 1389.693392621304, 320.1580875772354, 0, 0, 1]
distortion_model: plumb_bob
distortion_coefficients:
  rows: 1
  cols: 5
  data: [-0.06477395395698994, 0.04726644175631123, 0.0001123903970897548, 0.002718467114305274, 0]
rectification_matrix:
  rows: 3
  cols: 3
  data: [1, 0, 0, 0, 1, 0, 0, 0, 1]
projection_matrix:
  rows: 3
  cols: 4
  data: [1376.26025390625, 0, 541.716895105099, 0, 0, 1381.815795898438, 319.4315141554944, 0, 0, 0, 1, 0]